feature_variables <- list(
c('2014-12-31 00:00:00', '2015-01-01 00:00:00', '2015-01-31 23:59:59', 'li28_31', 'jan_2015'),
c('2015-01-31 00:00:00', '2015-02-01 00:00:00', '2015-02-28 23:59:59', 'li28_31', 'feb_2015'),
c('2015-02-28 00:00:00', '2015-03-01 00:00:00', '2015-03-31 23:59:59', 'li28_31', 'mar_2015'),
c('2015-03-31 00:00:00', '2015-04-30 00:00:00', '2015-04-30 23:59:59', 'li28_31', 'apr_2015'),
c('2015-04-30 00:00:00', '2015-05-01 00:00:00', '2015-05-31 23:59:59', 'li28_31', 'may_2015'),
c('2015-05-31 00:00:00', '2015-06-01 00:00:00', '2015-06-30 23:59:59', 'li28_31', 'june_2015'),
c('2015-06-30 00:00:00', '2015-07-01 00:00:00', '2015-07-31 23:59:59', 'li28_31', 'july_2015'),  
c('2015-07-31 00:00:00', '2015-08-01 00:00:00', '2015-08-31 23:59:59', 'li28_31', 'aug_2015'),
c('2015-08-31 00:00:00', '2015-09-01 00:00:00', '2015-09-30 23:59:59', 'li28_31', 'sept_2015'),
c('2015-09-30 00:00:00', '2015-10-01 00:00:00', '2015-10-31 23:59:59', 'li28_31', 'oct_2015'),
c('2015-10-31 00:00:00', '2015-11-01 00:00:00', '2015-11-30 23:59:59', 'li28_31', 'nov_2015'),
c('2015-11-30 00:00:00', '2015-12-01 00:00:00', '2015-12-31 23:59:59', 'li28_31', 'dec_2015'),
c('2015-12-31 00:00:00', '2016-01-01 00:00:00', '2016-01-31 23:59:59', 'li28_31', 'jan_2016'),
c('2016-01-31 00:00:00', '2016-02-01 00:00:00', '2016-02-29 23:59:59', 'li28_31', 'feb_2016'),
c('2016-02-29 00:00:00', '2016-03-01 00:00:00', '2016-03-31 23:59:59', 'li28_31', 'mar_2016'),
c('2016-03-31 00:00:00', '2016-04-30 00:00:00', '2016-04-30 23:59:59', 'li28_31', 'apr_2016'),
c('2016-04-30 00:00:00', '2016-05-01 00:00:00', '2016-05-31 23:59:59', 'li28_31', 'may_2016'),
c('2016-05-31 00:00:00', '2016-06-01 00:00:00', '2016-06-30 23:59:59', 'li28_31', 'june_2016'),
c('2016-06-30 00:00:00', '2016-07-01 00:00:00', '2016-07-31 23:59:59', 'li28_31', 'july_2016'),  
c('2016-07-31 00:00:00', '2016-08-01 00:00:00', '2016-08-31 23:59:59', 'li28_31', 'aug_2016'),
c('2016-08-31 00:00:00', '2016-09-01 00:00:00', '2016-09-30 23:59:59', 'li28_31', 'sept_2016'),  
c('2016-09-30 00:00:00', '2016-10-01 00:00:00', '2016-10-31 23:59:59', 'li28_31', 'oct_2016'),
c('2016-10-31 00:00:00', '2016-11-01 00:00:00', '2016-11-30 23:59:59', 'li28_31', 'nov_2016'),
c('2016-11-30 00:00:00', '2016-12-01 00:00:00', '2016-12-31 23:59:59', 'li28_31', 'dec_2016'),
c('2017-04-30 00:00:00', '2017-05-01 00:00:00', '2017-05-31 23:59:59', 'li28_31', 'may_2017'),
c('2017-05-31 00:00:00', '2017-06-01 00:00:00', '2017-06-30 23:59:59', 'li28_31', 'june_2017'),
c('2017-06-30 00:00:00', '2017-07-01 00:00:00', '2017-07-31 23:59:59', 'li28_31', 'july_2017'),
c('2017-07-31 00:00:00', '2017-08-01 00:00:00', '2017-08-31 23:59:59', 'li28_31', 'aug_2017'),
c('2017-08-31 00:00:00', '2017-09-01 00:00:00', '2017-09-30 23:59:59', 'li28_31', 'sept_2017'))
